1  10456.0
2  10448.6
3  10429.4
4  10427.5
5  10423.6
6  10412.7
7  10404.4
8  10401.5
9  10391.6
10  10387.3
11  10384.8
12  10380.8
13  10378.6
14  10372.2
15  10352.4
16  10379.7
17  10343.9
18  10353.4
19  10343.0
20  10340.4
21  10344.2
22  10349.6
23  10334.7
24  10327.1
25  10328.9
26  10322.2
27  10321.6
28  10314.3
29  10234.0
30  10335.6
31  10299.8
32  10292.9
33  10290.8
34  10277.1
35  10278.1
36  10274.4
37  10270.0
38  10263.8
39  10262.3
40  10262.7
41  10258.8
42  10260.2
43  10253.9
44  10239.4
45  10242.0
46  10241.7
47  10197.4
48  10251.3
49  10257.2
50  10220.5
51  10240.2
52  10230.9
53  10223.2
54  10211.4
55  10212.7
56  10210.0
57  10207.4
58  10210.6
59  10211.3
60  10213.7
61  10209.3
62  10187.6
63  10193.2
64  10185.9
65  10181.1
66  10130.3
67  10164.6
68  10185.5
69  10161.8
70  10167.4
71  10154.7
72  10149.2
73  10126.5
74  10142.5
75  10138.5
76  10125.8
77  10123.6
78  10126.4
79  10073.4
80  10107.5
81  10118.9
82  10082.2
83  10094.3
84  10080.3
85  10066.7
86  10074.9
87  10024.8
88  10085.0
89  10065.2
90  10069.0
91  10053.8
92  10030.5
93  10054.8
94  10029.4
95  10008.4
96  10041.9
97  10034.3
98  10018.0
99  10027.6
100  9981.0
101  9997.8
102  9947.6
103  9996.0
104  9946.9
105  9942.4
106  9941.6
107  9962.8
108  9924.4
109  9939.8
110  9924.2
111  9938.2
112  9923.8
113  9921.0
114  9916.7
115  9924.2
116  9911.3
117  9965.1
118  9940.9
119  9933.5
120  9939.0
121  9939.9
122  9943.1
123  9944.8
124  9932.0
125  9914.4
126  9911.8
127  9898.3
128  9898.3
129  9898.3
130  9921.5
131  9873.2
132  9873.4
133  9886.8
134  9880.0
135  9878.1
136  9879.5
137  9864.7
138  9876.0
139  9876.4
140  9881.5
141  9888.5
142  9863.3
143  9816.4
144  9856.4
145  9863.8
146  9860.7
147  9862.4
148  9857.4
149  9855.6
150  9815.5
151  9846.3
152  9842.1
153  9831.1
154  9836.2
155  9836.9
156  9832.5
157  9825.1
158  9826.4
159  9825.7
160  9825.2
161  9815.6
162  9802.6
163  9801.0
164  9808.2
165  9812.0
166  9805.8
167  9828.8
168  9773.9
169  9807.0
170  9821.1
171  9805.9
172  9805.2
173  9809.2
174  9824.3
175  9806.0
176  9789.3
177  9797.1
178  9795.6
179  9798.1
180  9795.3
181  9790.1
182  9789.2
183  9789.8
184  9784.9
185  9795.4
186  9781.5
187  9723.2
188  9775.0
189  9767.6
190  9756.1
191  9751.7
192  9766.7
193  9741.1
194  9739.8
195  9720.1
196  9718.7
197  9713.6
198  9717.2
199  9712.1
200  9728.4
201  9693.2
202  9692.7
203  9664.7
204  9686.8
205  9679.0
206  9678.2
207  9694.4
208  9673.4
209  9668.6
210  9671.7
211  9635.0
212  9644.0
213  9647.0
214  9631.0
215  9659.4
216  9639.9
217  9624.9
218  9614.5
219  9611.6
220  9609.1
221  9607.7
222  9557.2
223  9600.7
224  9591.0
225  9597.8
226  9580.9
227  9584.2
228  9588.0
229  9593.5
230  9584.8
231  9584.2
232  9589.1
233  9580.0
234  9574.7
235  9579.5
236  9572.7
237  9581.5
238  9571.8
239  9558.5
240  9557.0
241  9555.8
242  9557.7
243  9547.7
244  9149.9
245  8062.9
246  9296.2
247  9534.0
248  9672.8
249  9668.3
250  9664.2
251  9660.2
252  9658.4
253  9653.7
254  9650.0
255  9649.1
256  9629.6
257  9633.4
258  9635.1
259  9642.9
260  9621.4
261  9635.8
262  9620.2
263  9611.9
264  9612.2
265  9605.8
266  9615.5
267  9607.6
268  9600.5
269  9595.1
270  9591.9
271  9597.1
272  9590.2
273  9589.6
274  9584.3
275  9582.7
276  9573.5
277  9554.6
278  9584.8
279  9564.2
280  9561.3
281  9571.8
282  9553.3
283  9550.6
284  9548.6
285  9545.4
286  9537.7
287  9535.0
288  9531.8
289  9529.4
290  9523.4
291  9518.6
292  9516.0
293  9510.9
294  9509.7
295  9505.0
296  9507.6
297  9500.1
298  9498.2
299  9495.5
300  9491.8
301  9484.9
302  9482.5
303  9479.0
304  9469.6
305  9477.9
306  9470.9
307  9466.3
308  9464.3
309  9463.0
310  9461.7
311  9459.1
312  9457.6
313  9454.2
314  9449.5
315  9450.1
316  9450.3
317  9444.5
318  9444.4
319  9435.7
320  9435.7
321  9432.7
322  9429.5
323  9426.9
324  9426.2
325  9418.5
326  9418.8
327  9419.5
328  9415.9
329  9410.8
330  9412.8
331  9404.3
332  9399.7
333  9394.7
334  9380.1
335  9391.7
336  9387.6
337  9380.2
338  9366.0
339  9372.1
340  9368.9
341  9365.6
342  9359.0
343  9358.4
344  9349.5
345  9358.5
346  9347.5
347  9346.6
348  9346.6
349  9320.8
350  9352.0
351  9344.2
352  9332.6
353  9336.5
354  9334.9
355  9327.7
356  9324.8
357  9318.1
358  9321.1
359  9311.1
360  9313.6
361  9317.2
362  9302.8
363  9302.0
364  9298.9
365  9294.6
366  9292.4
367  9296.2
368  9284.2
369  9283.6
370  9280.2
371  9279.4
372  9272.1
373  9268.7
374  9273.3
375  9259.1
376  9253.3
377  9251.6
378  9252.5
379  9244.5
380  9245.2
381  9241.1
382  9237.6
383  9236.2
384  9231.9
385  9226.5
386  9227.0
387  9224.7
388  9222.1
389  9220.2
390  9212.9
391  9193.4
392  9201.0
393  9202.6
394  9202.0
395  9196.1
396  9194.7
397  9192.8
398  9197.3
399  9197.9
400  9178.2
401  9178.6
402  9179.0
403  9176.6
404  9169.2
405  9168.1
406  9164.8
407  9163.5
408  9157.6
409  9156.0
410  9150.6
411  9150.6
412  9143.5
413  9141.6
414  9131.2
415  9132.7
416  9131.6
417  9126.5
418  9122.7
419  9103.9
420  9117.0
421  9129.3
422  9111.6
423  9100.1
424  9105.1
425  9093.8
426  9095.2
427  9091.1
428  9088.4
429  9087.6
430  9083.1
431  9079.3
432  9075.9
433  9074.9
434  9069.1
435  9062.5
436  9066.3
437  9057.9
438  9061.9
439  9048.6
440  9048.4
441  9045.8
442  9045.4
443  9049.3
444  9017.3
445  9028.3
446  9030.1
447  9031.8
448  9036.0
449  8989.0
450  9017.7
451  9001.6
452  9021.7
453  9001.3
454  9003.5
455  8995.6
456  8997.8
457  8994.0
458  8989.6
459  8989.7
460  8986.2
461  8976.6
462  8969.9
463  8975.8
464  8966.5
465  8961.7
466  8965.8
467  8954.1
468  8951.5
469  8951.1
470  8943.5
471  8947.3
472  8939.2
473  8934.8
474  8922.4
475  8929.5
476  8926.1
477  8922.0
478  8917.9
479  8917.1
480  8919.6
481  8915.8
482  8902.2
483  8900.7
484  8885.9
485  8880.6
486  8875.4
487  8861.4
488  8852.6
489  8866.6
490  8845.0
491  8837.7
492  8835.8
493  8826.8
494  8833.6
495  8829.6
496  8825.4
497  8841.1
498  8835.2
499  8824.4
500  8816.1
501  8810.0
502  8822.0
503  8827.2
504  8821.9
505  8821.3
506  8816.6
507  8806.7
508  8807.4
509  8801.8
510  8803.5
511  8816.3
512  8808.1
513  8802.8
514  8787.6
515  8790.7
516  8792.8
517  8774.8
518  8792.9
519  8784.1
520  8778.2
521  8777.2
522  8763.9
523  8765.3
524  8779.6
525  8759.9
526  8775.6
527  8767.1
528  8746.8
529  8749.2
530  8746.6
531  8741.6
532  8753.5
533  8750.5
534  8739.5
535  8739.1
536  8727.4
537  8725.2
538  8726.6
539  8718.1
540  8734.1
541  8733.4
542  8722.6
543  8718.8
544  8734.0
545  8713.3
546  8723.2
547  8720.0
548  8738.1
549  8701.5
550  8713.3
551  8729.0
552  8695.3
553  8698.1
554  8705.3
555  8702.0
556  8674.4
557  8709.0
558  8698.1
559  8700.4
560  8682.8
561  8679.4
562  8682.4
563  8683.3
564  8678.4
565  8546.2
566  7926.8
567  8567.0
568  8671.2
569  8700.1
570  8704.8
571  8690.5
572  8685.9
573  8682.9
574  8681.7
575  8675.7
576  8675.4
577  8670.2
578  8666.4
579  8666.8
580  8667.9
581  8653.7
582  8644.4
583  8660.6
584  8650.4
585  8655.0
586  8636.6
587  8641.3
588  8642.8
589  8640.7
590  8635.2
591  8632.6
592  8629.8
593  8628.9
594  8625.1
595  8623.4
596  8622.9
597  8620.0
598  8614.5
599  8610.1
600  8608.5
601  8609.4
602  8611.5
603  8604.2
604  8601.6
605  8595.5
606  8596.0
607  8597.6
608  8596.8
609  8583.0
610  8591.5
611  8593.6
612  8586.8
613  8579.8
614  8579.9
615  8576.2
616  8572.4
617  8567.8
618  8563.6
619  8559.7
620  8560.1
621  8556.7
622  8551.3
623  8547.6
624  8545.3
625  8543.3
626  8540.3
627  8538.7
628  8516.3
629  8537.0
630  8533.4
631  8531.3
632  8525.0
633  8527.7
634  8523.0
635  8520.4
636  8514.6
637  8512.6
638  8515.9
639  8512.0
640  8505.6
641  8500.7
642  8495.6
643  8498.5
644  8500.7
645  8498.3
646  8496.7
647  8485.1
648  8482.1
649  8474.1
650  8472.1
651  8452.6
652  8469.5
653  8468.3
654  8465.2
655  8462.8
656  8459.6
657  8458.5
658  8448.2
659  8451.9
660  8451.5
661  8452.2
662  8448.3
663  8451.5
664  8453.8
665  8442.6
666  8438.0
667  8424.7
668  8436.5
669  8430.4
670  8426.2
671  8441.7
672  8424.9
673  8420.4
674  8412.5
675  8413.9
676  8414.3
677  8411.2
678  8407.7
679  8406.4
680  8404.1
681  8412.6
682  8401.8
683  8389.6
684  8394.9
685  8390.8
686  8385.8
687  8383.4
688  8397.9
689  8374.7
690  8370.5
691  8371.5
692  8370.5
693  8365.0
694  8361.3
695  8362.4
696  8352.1
697  8351.2
698  8349.5
699  8341.9
700  8339.5
701  8342.6
702  8348.8
703  8304.5
704  8332.2
705  8333.8
706  8330.6
707  8333.7
708  8330.8
709  8334.6
710  8321.3
711  8320.1
712  8324.1
713  8318.2
714  8317.0
715  8311.5
716  8312.5
717  8312.2
718  8306.8
719  8303.1
720  8301.4
721  8295.5
722  8297.0
723  8288.7
724  8288.8
725  8285.9
726  8283.8
727  8276.3
728  8283.5
729  8285.4
730  8272.2
731  8260.1
732  8261.3
733  8257.5
734  8254.2
735  8255.4
736  8253.2
737  8244.3
738  8230.4
739  8232.9
740  8230.0
741  8229.0
742  8236.1
743  8215.8
744  8217.6
745  8218.5
746  8221.2
747  8224.4
748  8217.2
749  8212.6
750  8208.9
751  8214.2
752  8208.0
753  8225.1
754  8206.4
755  8206.5
756  8180.4
757  8194.3
758  8198.9
759  8197.6
760  8192.9
761  8197.8
762  8186.9
763  8184.1
764  8179.5
765  8148.0
766  8178.2
767  8169.9
768  8177.1
769  8172.4
770  8166.5
771  8165.9
772  8165.2
773  8160.5
774  8157.9
775  8157.3
776  8134.2
777  8143.5
778  8152.9
779  8146.3
780  8137.7
781  8136.1
782  8136.2
783  8127.2
784  8125.5
785  8121.9
786  8113.3
787  8112.1
788  8111.5
789  8108.3
790  8106.9
791  8102.1
792  8101.4
793  8096.3
794  8071.5
795  8084.5
796  8101.2
797  8078.2
798  8076.5
799  8069.0
800  8068.2
801  8064.2
802  8058.0
803  8063.1
804  8063.2
805  8063.0
806  8067.4
807  8064.2
808  8065.9
809  8066.8
810  8063.3
811  8062.0
812  8063.7
813  8060.1
814  8057.8
815  8057.8
816  8052.9
817  8051.4
818  8053.2
819  8038.1
820  8044.7
821  8037.0
822  8035.2
823  8033.2
824  8028.1
825  8023.3
826  8015.3
827  8014.0
828  8010.8
829  8007.8
830  8006.0
831  8003.8
832  8001.5
833  8003.0
834  7993.4
835  7985.3
836  7990.0
837  7986.2
838  7979.4
839  7976.5
840  7972.4
841  7970.4
842  7965.5
843  7946.9
844  7957.4
845  7975.7
846  7953.3
847  7948.5
848  7947.6
849  7947.6
850  7949.0
851  7952.9
852  7952.4
853  7952.0
854  7952.2
855  7951.1
856  7953.2
857  7954.0
858  7949.5
859  7952.0
860  7952.2
861  7946.9
862  7945.2
863  7940.3
864  7940.2
865  7935.8
866  7936.7
867  7933.5
868  7931.7
869  7925.7
870  7920.1
871  7919.6
872  7892.4
873  7909.2
874  7926.7
875  7903.0
876  7906.1
877  7902.0
878  7897.5
879  7895.9
880  7894.4
881  7889.0
882  7887.1
883  7885.8
884  7882.3
885  7874.6
886  7869.1
887  7865.7
888  7863.8
889  7860.5
890  7860.1
891  7852.0
892  7849.4
893  7840.3
894  7842.0
895  7844.1
896  7842.1
897  7839.8
898  7841.7
899  7838.7
900  7844.6
901  7841.1
902  7845.1
903  7846.5
904  7856.8
905  7846.5
906  7847.1
907  7847.0
908  7843.9
909  7846.1
910  7837.9
911  7835.3
912  7836.1
913  7832.3
914  7828.6
915  7829.3
916  7825.9
917  7820.1
918  7822.4
919  7817.3
920  7816.5
921  7654.8
922  7804.5
923  7821.9
924  7488.0
925  7098.7
926  7821.2
927  7818.7
928  7816.7
929  7815.6
930  7812.3
931  7808.9
932  7807.4
933  7806.9
934  7801.2
935  7799.7
936  7795.6
937  7797.5
938  7794.5
939  7786.4
940  7795.5
941  7781.1
942  7780.8
943  7788.8
944  7774.2
945  7770.7
946  7775.0
947  7769.7
948  7770.9
949  7767.2
950  7766.0
951  7761.9
952  7760.5
953  7759.9
954  7758.0
955  7753.9
956  7754.7
957  7749.1
958  7747.5
959  7746.1
960  7740.8
961  7741.1
962  7740.8
963  7738.5
964  7734.2
965  7732.4
966  7729.9
967  7729.6
968  7726.4
969  7722.2
970  7722.1
971  7718.6
972  7720.4
973  7718.7
974  7706.6
975  7706.7
976  7709.4
977  7709.5
978  7704.2
979  7704.7
980  7700.5
981  7693.5
982  7697.2
983  7689.5
984  7689.5
985  7683.3
986  7684.0
987  7682.2
988  7678.8
989  7678.0
990  7676.4
991  7675.0
992  7663.0
993  7670.5
994  7674.6
995  7659.3
996  7661.8
997  7649.6
998  7662.7
999  7654.4
1000  7652.2
1001  7650.6
1002  7145.3
1003  7144.2
1004  7144.3
1005  7121.3
1006  7149.1
1007  7135.6
1008  7143.7
1009  7128.0
1010  7131.4
1011  7127.5
1012  7126.0
1013  7127.9
1014  7111.1
1015  7126.1
1016  7118.7
1017  7123.5
1018  7117.0
1019  7107.0
1020  7116.6
1021  7112.7
1022  7098.8
1023  7103.6
1024  7107.0
1025  7111.6
1026  7087.9
1027  7105.3
1028  7083.1
1029  7097.5
1030  7090.7
1031  7091.3
1032  7088.1
1033  7093.9
1034  7082.5
1035  7080.0
1036  7069.2
1037  7080.2
1038  7077.3
1039  7071.5
1040  7072.4
1041  7066.6
1042  7048.5
1043  7069.5
1044  7060.8
1045  7059.9
1046  7056.3
1047  7062.9
1048  7054.0
1049  7036.9
1050  7061.6
1051  7051.2
1052  7050.7
1053  7053.8
1054  7038.9
1055  7039.4
1056  7043.0
1057  7038.4
1058  7042.4
1059  7035.0
1060  7032.2
1061  7034.6
1062  7028.9
1063  7016.8
1064  7010.9
1065  7021.0
1066  7016.8
1067  7027.4
